Station1-BinMagazine								Station2-BinMagazine								Station3-BinMagazine								
ComponentType1		ComponentType2		ComponentType11		ComponentType12		ComponentType3		ComponentType4		ComponentType11		ComponentType13		ComponentType5		ComponentType6		ComponentType12		ComponentType14		
Time	OnHand	Time	OnHand	Time	OnHand	Time	OnHand	Time	OnHand	Time	OnHand	Time	OnHand	Time	OnHand	Time	OnHand	Time	OnHand	Time	OnHand	Time	OnHand	
0	6																						
		0	3																				
				0	4																		
						0	3																
								0	2														
										0	19												
												0	4										
														0	55								
																0	14						
																		0	11				
																				0	10		
																						0	13
				2	3.75																		
						2	2.8																
				13.1132957859816	3.5																		
						13.1132957859816	2.6																
												14.1132957859816	3.75										
														14.1132957859816	54								
														14.1132957859816	53								
														14.1132957859816	52								
														14.1132957859816	51								
														14.1132957859816	50								
				22	3.25																		
						22	2.4																
												22.2699758625019	3.5										
														22.2699758625019	49								
														22.2699758625019	48								
														22.2699758625019	47								
														22.2699758625019	46								
														22.2699758625019	45								
				33.3360478323647	3																		
						33.3360478323647	2.2																
												34.3360478323647	3.25										
														34.3360478323647	44								
														34.3360478323647	43								
														34.3360478323647	42								
														34.3360478323647	41								
														34.3360478323647	40								
																				35.1132957859816	9.1		
																				43.2699758625019	9		
																				43.2699758625019	8.2		
				44.8125137800823	2.75																		
						44.8125137800823	2																
												45.8125137800823	3										
														45.8125137800823	39								
														45.8125137800823	38								
														45.8125137800823	37								
														45.8125137800823	36								
														45.8125137800823	35								
				54.2333658785885	2.5																		
						54.2333658785885	1.8																
												55.2333658785885	2.75										
														55.2333658785885	34								
														55.2333658785885	33								
														55.2333658785885	32								
														55.2333658785885	31								
														55.2333658785885	30								
																				55.3360478323647	8		
																				55.3360478323647	7.3		
				63.8049135476868	2.25																		
						63.8049135476868	1.6																
												65.8125137800823	2.5										
														65.8125137800823	29								
														65.8125137800823	28								
														65.8125137800823	27								
														65.8125137800823	26								
														65.8125137800823	25								
																				66.8125137800823	7		
																				66.8125137800823	6.4		
				75.3227169921447	2																		
						75.3227169921447	1.4																
																				76.2333658785885	6		
																				76.2333658785885	5.5		
												76.3227169921447	2.25										
														76.3227169921447	24								
														76.3227169921447	23								
														76.3227169921447	22								
														76.3227169921447	21								
														76.3227169921447	20								
				85.7442819976273	1.75																		
						85.7442819976273	1.2																
												86.7442819976273	2										
														86.7442819976273	19								
														86.7442819976273	18								
														86.7442819976273	17								
														86.7442819976273	16								
														86.7442819976273	15								
																				86.8125137800823	5		
																				86.8125137800823	4.6		
				97.0016407129218	1.5																		
						97.0016407129218	1																
																				97.3227169921447	4		
																				97.3227169921447	3.7		
												98.0016407129218	1.75										
														98.0016407129218	14								
														98.0016407129218	13								
														98.0016407129218	12								
														98.0016407129218	11								
														98.0016407129218	10								
																				107.744281997627	3		
																				107.744281997627	2.8		
				107.772245906439	1.25																		
						107.772245906439	0.8																
												108.772245906439	1.5										
														108.772245906439	9								
														108.772245906439	8								
														108.772245906439	7								
														108.772245906439	6								
														108.772245906439	5								
				117.526853634414	1																		
						117.526853634414	0.6																
												118.526853634414	1.25										
														118.526853634414	4								
														118.526853634414	3								
														118.526853634414	2								
														118.526853634414	1								
														118.526853634414	0								
																				119.001640712922	2		
																				119.001640712922	1.9		
				128.525029881207	0.75																		
						128.525029881207	0.4																
																				129.772245906439	1		
																				139.526853634414	0.1		
												162.269975862502	1										
														162.269975862502	4								
														162.269975862502	3								
														162.269975862502	2								
														162.269975862502	1								
														162.269975862502	0								
				162.269975862502	0.5																		
						162.269975862502	1.2																
												174.336047832365	0.75										
														174.336047832365	4								
														174.336047832365	3								
														174.336047832365	2								
														174.336047832365	1								
														174.336047832365	0								
				174.336047832365	1.25																		
						174.336047832365	1																
																				183.269975862502	4		
																				183.269975862502	3.2		
												185.812513780082	0.5										
														185.812513780082	4								
														185.812513780082	3								
														185.812513780082	2								
														185.812513780082	1								
														185.812513780082	0								
				185.812513780082	1																		
						185.812513780082	0.8																
												195.233365878589	0.25										
														195.233365878589	4								
														195.233365878589	3								
														195.233365878589	2								
														195.233365878589	1								
														195.233365878589	0								
																				195.336047832365	4		
																				195.336047832365	3.3		
				197.235776451659	0.75																		
						197.235776451659	0.6																
												205.812513780082	0										
														205.812513780082	4								
														205.812513780082	3								
														205.812513780082	2								
														205.812513780082	1								
														205.812513780082	0								
				205.812513780082	0.5																		
						205.812513780082	0.4																
																				206.812513780082	4		
																				206.812513780082	3.4		
																				216.233365878589	4		
																				216.233365878589	3.5		
												226.322716992145	0.75										
														226.322716992145	4								
														226.322716992145	3								
														226.322716992145	2								
														226.322716992145	1								
														226.322716992145	0								
				226.322716992145	1.25																		
						226.322716992145	1.2																
																				226.812513780082	4		
																				226.812513780082	3.6		
												227.322716992145	0.5										
														227.322716992145	4								
														227.322716992145	3								
														227.322716992145	2								
														227.322716992145	1								
														227.322716992145	0								
				237.98097910733	1																		
						237.98097910733	1																
												246.322716992145	0.25										
														246.322716992145	4								
														246.322716992145	3								
														246.322716992145	2								
														246.322716992145	1								
														246.322716992145	0								
																				247.322716992145	4		
																				247.322716992145	3.7		
																				248.322716992145	3		
																				248.322716992145	2.8		
				248.98901388741	0.75																		
						248.98901388741	0.8																
												249.98901388741	0										
														249.98901388741	4								
														249.98901388741	3								
														249.98901388741	2								
														249.98901388741	1								
														249.98901388741	0								
				258.893299123693	0.5																		
						258.893299123693	0.6																
																				267.322716992145	2		
																				267.322716992145	1.9		
												268.526853634414	0.75										
														268.526853634414	4								
														268.526853634414	3								
														268.526853634414	2								
														268.526853634414	1								
														268.526853634414	0								
				269.82151137173	0.25																		
						269.82151137173	0.4																
																				277.322716992145	1		
																				289.526853634414	1.1		
												302.269975862502	0.5										
														302.269975862502	4								
														302.269975862502	3								
														302.269975862502	2								
														302.269975862502	1								
														302.269975862502	0								
				302.269975862502	1																		
						302.269975862502	1.2																
												314.336047832365	0.25										
														314.336047832365	4								
														314.336047832365	3								
														314.336047832365	2								
														314.336047832365	1								
														314.336047832365	0								
				314.336047832365	0.75																		
						314.336047832365	1																
																				323.269975862502	4		
																				323.269975862502	3.2		
												325.812513780082	0										
														325.812513780082	4								
														325.812513780082	3								
														325.812513780082	2								
														325.812513780082	1								
														325.812513780082	0								
				325.812513780082	0.5																		
						325.812513780082	0.8																
																				335.336047832365	4		
																				335.336047832365	3.3		
												345.233365878589	0.75										
														345.233365878589	4								
														345.233365878589	3								
														345.233365878589	2								
														345.233365878589	1								
														345.233365878589	0								
				345.233365878589	1.25																		
						345.233365878589	0.6																
												346.233365878589	0.5										
														346.233365878589	4								
														346.233365878589	3								
														346.233365878589	2								
														346.233365878589	1								
														346.233365878589	0								
																				346.812513780082	3		
																				346.812513780082	2.4		
				355.517944082555	1																		
						355.517944082555	1.4																
																				366.233365878589	4		
																				366.233365878589	3.5		
												366.322716992145	0.25										
														366.322716992145	4								
														366.322716992145	3								
														366.322716992145	2								
														366.322716992145	1								
														366.322716992145	0								
				366.322716992145	0.75																		
						366.322716992145	1.2																
																				367.233365878589	3		
																				367.233365878589	2.6		
												367.322716992145	0										
														367.322716992145	4								
														367.322716992145	3								
														367.322716992145	2								
														367.322716992145	1								
														367.322716992145	0								
				376.375112594576	1.5																		
						376.375112594576	1																
																				387.322716992145	3		
																				387.322716992145	2.7		
																				396.233365878589	3		
																				396.233365878589	2.8		
												396.322716992145	0.75										
														396.322716992145	9								
														396.322716992145	8								
														396.322716992145	7								
														396.322716992145	6								
														396.322716992145	5								
				396.322716992145	1.25																		
						396.322716992145	0.8																
												397.322716992145	0.5										
														397.322716992145	4								
														397.322716992145	3								
														397.322716992145	2								
														397.322716992145	1								
														397.322716992145	0								
				405.95860555195	1																		
						405.95860555195	0.6																
												416.322716992145	0.25										
														416.322716992145	4								
														416.322716992145	3								
														416.322716992145	2								
														416.322716992145	1								
														416.322716992145	0								
				416.322716992145	0.75																		
						416.322716992145	0.4																
																				417.322716992145	2		
																				417.322716992145	1.9		
																				418.322716992145	1		
																				437.322716992145	2.1		
												442.269975862502	0										
														442.269975862502	4								
														442.269975862502	3								
														442.269975862502	2								
														442.269975862502	1								
														442.269975862502	0								
				442.269975862502	0.5																		
						442.269975862502	1.2																
																				463.269975862502	3		
																				463.269975862502	2.2		
												464.336047832365	0.75										
														464.336047832365	4								
														464.336047832365	3								
														464.336047832365	2								
														464.336047832365	1								
														464.336047832365	0								
				464.336047832365	1.25																		
						464.336047832365	1																
												465.812513780082	0.5										
														465.812513780082	4								
														465.812513780082	3								
														465.812513780082	2								
														465.812513780082	1								
														465.812513780082	0								
				474.588029829392	1																		
						474.588029829392	0.8																
												485.233365878589	0.25										
														485.233365878589	4								
														485.233365878589	3								
														485.233365878589	2								
														485.233365878589	1								
														485.233365878589	0								
																				485.336047832365	4		
																				485.336047832365	3.3		
				485.342061769019	0.75																		
						485.342061769019	0.6																
												486.342061769019	0										
														486.342061769019	4								
														486.342061769019	3								
														486.342061769019	2								
														486.342061769019	1								
														486.342061769019	0								
																				486.812513780082	3		
																				486.812513780082	2.4		
				494.438632374451	0.5																		
						494.438632374451	0.4																
																				506.233365878589	4		
																				506.233365878589	3.5		
																				515.336047832365	3		
																				515.336047832365	2.6		
												516.322716992145	0.75										
														516.322716992145	9								
														516.322716992145	8								
														516.322716992145	7								
														516.322716992145	6								
														516.322716992145	5								
				516.322716992145	1.25																		
						516.322716992145	1.2																
												517.322716992145	0.5										
														517.322716992145	4								
														517.322716992145	3								
														517.322716992145	2								
														517.322716992145	1								
														517.322716992145	0								
				525.571545826942	1																		
						525.571545826942	1																
												536.322716992145	0.25										
														536.322716992145	4								
														536.322716992145	3								
														536.322716992145	2								
														536.322716992145	1								
														536.322716992145	0								
				536.322716992145	0.75																		
						536.322716992145	0.8																
																				537.322716992145	4		
																				537.322716992145	3.7		
												537.322716992145	0										
														537.322716992145	4								
														537.322716992145	3								
														537.322716992145	2								
														537.322716992145	1								
														537.322716992145	0								
																				538.322716992145	3		
																				538.322716992145	2.8		
				545.509793672254	0.5																		
						545.509793672254	0.6																
																				557.322716992145	2		
																				557.322716992145	1.9		
												566.322716992145	0.75										
														566.322716992145	4								
														566.322716992145	3								
														566.322716992145	2								
														566.322716992145	1								
														566.322716992145	0								
				566.322716992145	1.25																		
						566.322716992145	0.4																
																				567.322716992145	2		
												582.269975862502	0.5										
														582.269975862502	4								
														582.269975862502	3								
														582.269975862502	2								
														582.269975862502	1								
														582.269975862502	0								
				582.269975862502	1																		
						582.269975862502	1.2																
																				587.322716992145	3.1		
																				603.269975862502	3		
																				603.269975862502	2.2		
												604.336047832365	0.25										
														604.336047832365	4								
														604.336047832365	3								
														604.336047832365	2								
														604.336047832365	1								
														604.336047832365	0								
				604.336047832365	0.75																		
						604.336047832365	1																
												605.812513780082	0										
														605.812513780082	4								
														605.812513780082	3								
														605.812513780082	2								
														605.812513780082	1								
														605.812513780082	0								
				613.919212428666	0.5																		
						613.919212428666	0.8																
																				625.336047832365	4		
																				625.336047832365	3.3		
																				626.812513780082	3		
																				626.812513780082	2.4		
												635.233365878589	0.75										
														635.233365878589	9								
														635.233365878589	8								
														635.233365878589	7								
														635.233365878589	6								
														635.233365878589	5								
				635.233365878589	1.25																		
						635.233365878589	0.6																
												636.233365878589	0.5										
														636.233365878589	4								
														636.233365878589	3								
														636.233365878589	2								
														636.233365878589	1								
														636.233365878589	0								
				645.548783115611	1																		
						645.548783115611	1.4																
																				656.233365878589	4		
																				656.233365878589	3.5		
												656.322716992145	0.25										
														656.322716992145	4								
														656.322716992145	3								
														656.322716992145	2								
														656.322716992145	1								
														656.322716992145	0								
				656.322716992145	0.75																		
						656.322716992145	1.2																
																				657.233365878589	3		
																				657.233365878589	2.6		
												657.322716992145	0										
														657.322716992145	4								
														657.322716992145	3								
														657.322716992145	2								
														657.322716992145	1								
														657.322716992145	0								
				665.83329308902	0.5																		
						665.83329308902	1																
																				677.322716992145	3		
																				677.322716992145	2.7		
																				686.233365878589	2		
																				686.233365878589	1.8		
												686.322716992145	0.75										
														686.322716992145	9								
														686.322716992145	8								
														686.322716992145	7								
														686.322716992145	6								
														686.322716992145	5								
				686.322716992145	1.25																		
						686.322716992145	0.8																
												687.322716992145	0.5										
														687.322716992145	4								
														687.322716992145	3								
														687.322716992145	2								
														687.322716992145	1								
														687.322716992145	0								
				697.555562305161	1																		
						697.555562305161	0.6																
												706.322716992145	0.25										
														706.322716992145	4								
														706.322716992145	3								
														706.322716992145	2								
														706.322716992145	1								
														706.322716992145	0								
																				707.322716992145	3		
																				707.322716992145	2.9		
				708.284009258047	0.75																		
						708.284009258047	0.4																
																				708.322716992145	2		
												722.269975862502	0										
														722.269975862502	4								
														722.269975862502	3								
														722.269975862502	2								
														722.269975862502	1								
														722.269975862502	0								
				722.269975862502	0.5																		
						722.269975862502	1.2																
																				727.322716992145	3.1		
																				743.269975862502	3		
																				743.269975862502	2.2		
												754.336047832365	0.75										
														754.336047832365	9								
														754.336047832365	8								
														754.336047832365	7								
														754.336047832365	6								
														754.336047832365	5								
				754.336047832365	1.25																		
						754.336047832365	1																
												755.336047832365	0.5										
														755.336047832365	4								
														755.336047832365	3								
														755.336047832365	2								
														755.336047832365	1								
														755.336047832365	0								
				762.867656162119	1																		
						762.867656162119	0.8																
												775.233365878589	0.25										
														775.233365878589	4								
														775.233365878589	3								
														775.233365878589	2								
														775.233365878589	1								
														775.233365878589	0								
				775.233365878589	0.75																		
						775.233365878589	0.6																
																				775.336047832365	4		
																				775.336047832365	3.3		
												776.233365878589	0										
														776.233365878589	4								
														776.233365878589	3								
														776.233365878589	2								
														776.233365878589	1								
														776.233365878589	0								
																				776.336047832365	3		
																				776.336047832365	2.4		
				784.867852855593	0.5																		
						784.867852855593	0.4																
																				796.233365878589	4		
																				796.233365878589	3.5		
																				805.336047832365	3		
																				805.336047832365	2.6		
												806.322716992145	0.75										
														806.322716992145	9								
														806.322716992145	8								
														806.322716992145	7								
														806.322716992145	6								
														806.322716992145	5								
				806.322716992145	1.25																		
						806.322716992145	1.2																
												807.322716992145	0.5										
														807.322716992145	4								
														807.322716992145	3								
														807.322716992145	2								
														807.322716992145	1								
														807.322716992145	0								
				814.959728715854	1																		
						814.959728715854	1																
												826.322716992145	0.25										
														826.322716992145	4								
														826.322716992145	3								
														826.322716992145	2								
														826.322716992145	1								
														826.322716992145	0								
				826.322716992145	0.75																		
						826.322716992145	0.8																
																				827.322716992145	4		
																				827.322716992145	3.7		
												827.322716992145	0										
														827.322716992145	4								
														827.322716992145	3								
														827.322716992145	2								
														827.322716992145	1								
														827.322716992145	0								
																				828.322716992145	3		
																				828.322716992145	2.8		
				838.136168185697	0.5																		
						838.136168185697	0.6																
																				847.322716992145	3		
																				847.322716992145	2.9		
												856.322716992145	0.75										
														856.322716992145	4								
														856.322716992145	3								
														856.322716992145	2								
														856.322716992145	1								
														856.322716992145	0								
				856.322716992145	1.25																		
						856.322716992145	0.4																
																				857.322716992145	2		
												862.269975862502	0.5										
														862.269975862502	4								
														862.269975862502	3								
														862.269975862502	2								
														862.269975862502	1								
														862.269975862502	0								
				865.261428633327	1																		
						865.261428633327	1.2																
																				877.322716992145	3.1		
																				883.269975862502	3		
																				883.269975862502	2.2		
												894.336047832365	0.25										
														894.336047832365	4								
														894.336047832365	3								
														894.336047832365	2								
														894.336047832365	1								
														894.336047832365	0								
				894.336047832365	0.75																		
						894.336047832365	1																
												895.336047832365	0										
														895.336047832365	4								
														895.336047832365	3								
														895.336047832365	2								
														895.336047832365	1								
														895.336047832365	0								
				902.978115364781	0.5																		
						902.978115364781	0.8																
																				915.336047832365	4		
																				915.336047832365	3.3		
																				916.336047832365	3		
																				916.336047832365	2.4		
												925.233365878589	0.75										
														925.233365878589	9								
														925.233365878589	8								
														925.233365878589	7								
														925.233365878589	6								
														925.233365878589	5								
				925.233365878589	1.25																		
						925.233365878589	0.6																
												926.233365878589	0.5										
														926.233365878589	4								
														926.233365878589	3								
														926.233365878589	2								
														926.233365878589	1								
														926.233365878589	0								
				936.663254830511	1																		
						936.663254830511	1.4																
																				946.233365878589	4		
																				946.233365878589	3.5		
												946.322716992145	0.25										
														946.322716992145	4								
														946.322716992145	3								
														946.322716992145	2								
														946.322716992145	1								
														946.322716992145	0								
																				947.233365878589	3		
																				947.233365878589	2.6		
				947.316663972537	0.75																		
						947.316663972537	1.2																
												948.316663972537	0										
														948.316663972537	4								
														948.316663972537	3								
														948.316663972537	2								
														948.316663972537	1								
														948.316663972537	0								
				955.899888773257	0.5																		
						955.899888773257	1																
																				967.322716992145	3		
																				967.322716992145	2.7		
																				976.233365878589	2		
																				976.233365878589	1.8		
												976.322716992145	0.75										
														976.322716992145	9								
														976.322716992145	8								
														976.322716992145	7								
														976.322716992145	6								
														976.322716992145	5								
				976.322716992145	1.25																		
						976.322716992145	0.8																
												977.322716992145	0.5										
														977.322716992145	4								
														977.322716992145	3								
														977.322716992145	2								
														977.322716992145	1								
														977.322716992145	0								
				988.103906277011	1																		
						988.103906277011	0.6																
												996.322716992145	0.25										
														996.322716992145	4								
														996.322716992145	3								
														996.322716992145	2								
														996.322716992145	1								
														996.322716992145	0								
				996.660402458479	0.75																		
						996.660402458479	0.4																
																				997.322716992145	3		
																				997.322716992145	2.9		
																				998.322716992145	2		
												1002.2699758625	0										
														1002.2699758625	4								
														1002.2699758625	3								
														1002.2699758625	2								
														1002.2699758625	1								
														1002.2699758625	0								
				1006.01263159388	0.5																		
						1006.01263159388	1.2																
																				1017.32271699214	3.1		
																				1027.32271699214	3		
																				1027.32271699214	2.2		
												1044.33604783236	0.75										
														1044.33604783236	9								
														1044.33604783236	8								
														1044.33604783236	7								
														1044.33604783236	6								
														1044.33604783236	5								
				1044.33604783236	1.25																		
						1044.33604783236	1																
												1045.33604783236	0.5										
														1045.33604783236	4								
														1045.33604783236	3								
														1045.33604783236	2								
														1045.33604783236	1								
														1045.33604783236	0								
				1056.24221166279	1																		
						1056.24221166279	0.8																
												1065.23336587859	0.25										
														1065.23336587859	4								
														1065.23336587859	3								
														1065.23336587859	2								
														1065.23336587859	1								
														1065.23336587859	0								
																				1065.33604783236	4		
																				1065.33604783236	3.3		
																				1066.33604783236	3		
																				1066.33604783236	2.4		
				1068.17794684437	0.75																		
						1068.17794684437	0.6																
												1069.17794684437	0										
														1069.17794684437	4								
														1069.17794684437	3								
														1069.17794684437	2								
														1069.17794684437	1								
														1069.17794684437	0								
				1077.73262775326	0.5																		
						1077.73262775326	0.4																
																				1086.23336587859	4		
																				1086.23336587859	3.5		
																				1095.33604783236	3		
																				1095.33604783236	2.6		
												1096.32271699214	0.75										
														1096.32271699214	9								
														1096.32271699214	8								
														1096.32271699214	7								
														1096.32271699214	6								
														1096.32271699214	5								
				1096.32271699214	1.25																		
						1096.32271699214	1.2																
												1097.32271699214	0.5										
														1097.32271699214	4								
														1097.32271699214	3								
														1097.32271699214	2								
														1097.32271699214	1								
														1097.32271699214	0								
				1108.2689326275	1																		
						1108.2689326275	1																
												1116.32271699214	0.25										
														1116.32271699214	4								
														1116.32271699214	3								
														1116.32271699214	2								
														1116.32271699214	1								
														1116.32271699214	0								
																				1117.32271699214	4		
																				1117.32271699214	3.7		
																				1118.32271699214	3		
																				1118.32271699214	2.8		
				1120.17365893724	0.75																		
						1120.17365893724	0.8																
												1121.17365893724	0										
														1121.17365893724	4								
														1121.17365893724	3								
														1121.17365893724	2								
														1121.17365893724	1								
														1121.17365893724	0								
				1129.58100518883	0.5																		
						1129.58100518883	0.6																
																				1137.32271699214	3		
																				1137.32271699214	2.9		
												1146.32271699214	0.75										
														1146.32271699214	9								
														1146.32271699214	8								
														1146.32271699214	7								
														1146.32271699214	6								
														1146.32271699214	5								
				1146.32271699214	1.25																		
						1146.32271699214	0.4																
												1147.32271699214	0.5										
														1147.32271699214	4								
														1147.32271699214	3								
														1147.32271699214	2								
														1147.32271699214	1								
														1147.32271699214	0								
																				1147.32271699214	2		
				1155.06762944489	1																		
						1155.06762944489	0.2																
																				1167.32271699214	3.1		
																				1168.32271699214	3		
																				1168.32271699214	2.2		
												1184.33604783236	0.25										
														1184.33604783236	4								
														1184.33604783236	3								
														1184.33604783236	2								
														1184.33604783236	1								
														1184.33604783236	0								
				1184.33604783236	0.75																		
						1184.33604783236	1																
												1185.33604783236	0										
														1185.33604783236	4								
														1185.33604783236	3								
														1185.33604783236	2								
														1185.33604783236	1								
														1185.33604783236	0								
				1193.63740031621	0.5																		
						1193.63740031621	0.8																
																				1205.33604783236	4		
																				1205.33604783236	3.3		
																				1206.33604783236	3		
																				1206.33604783236	2.4		
												1215.23336587859	0.75										
														1215.23336587859	9								
														1215.23336587859	8								
														1215.23336587859	7								
														1215.23336587859	6								
														1215.23336587859	5								
				1215.23336587859	1.25																		
						1215.23336587859	0.6																
												1216.23336587859	0.5										
														1216.23336587859	4								
														1216.23336587859	3								
														1216.23336587859	2								
														1216.23336587859	1								
														1216.23336587859	0								
				1224.38515507432	1																		
						1224.38515507432	1.4																
																				1236.23336587859	4		
																				1236.23336587859	3.5		
												1236.32271699214	0.25										
														1236.32271699214	4								
														1236.32271699214	3								
														1236.32271699214	2								
														1236.32271699214	1								
														1236.32271699214	0								
				1236.32271699214	0.75																		
						1236.32271699214	1.2																
																				1237.23336587859	3		
																				1237.23336587859	2.6		
												1237.32271699214	0										
														1237.32271699214	4								
														1237.32271699214	3								
														1237.32271699214	2								
														1237.32271699214	1								
														1237.32271699214	0								
				1244.85013722182	0.5																		
						1244.85013722182	1																
																				1257.32271699214	3		
																				1257.32271699214	2.7		
																				1266.23336587859	2		
																				1266.23336587859	1.8		
												1266.32271699214	0.75										
														1266.32271699214	9								
														1266.32271699214	8								
														1266.32271699214	7								
														1266.32271699214	6								
														1266.32271699214	5								
				1266.32271699214	1.25																		
						1266.32271699214	0.8																
												1267.32271699214	0.5										
														1267.32271699214	4								
														1267.32271699214	3								
														1267.32271699214	2								
														1267.32271699214	1								
														1267.32271699214	0								
				1275.62597264028	1																		
						1275.62597264028	0.6																
												1286.32271699214	0.25										
														1286.32271699214	4								
														1286.32271699214	3								
														1286.32271699214	2								
														1286.32271699214	1								
														1286.32271699214	0								
				1286.32271699214	0.75																		
						1286.32271699214	0.4																
																				1287.32271699214	3		
																				1287.32271699214	2.9		
												1287.32271699214	0										
														1287.32271699214	4								
														1287.32271699214	3								
														1287.32271699214	2								
														1287.32271699214	1								
														1287.32271699214	0								
																				1288.32271699214	2		
				1295.6742574927	0.5																		
						1295.6742574927	1.2																
																				1307.32271699214	3.1		
																				1317.32271699214	3		
																				1317.32271699214	2.2		
												1334.33604783236	0.75										
														1334.33604783236	9								
														1334.33604783236	8								
														1334.33604783236	7								
														1334.33604783236	6								
														1334.33604783236	5								
				1334.33604783236	1.25																		
						1334.33604783236	1																
												1335.33604783236	0.5										
														1335.33604783236	4								
														1335.33604783236	3								
														1335.33604783236	2								
														1335.33604783236	1								
														1335.33604783236	0								
				1343.90564832938	1																		
						1343.90564832938	0.8																
												1355.23336587859	0.25										
														1355.23336587859	4								
														1355.23336587859	3								
														1355.23336587859	2								
														1355.23336587859	1								
														1355.23336587859	0								
				1355.23336587859	0.75																		
						1355.23336587859	0.6																
																				1355.33604783236	4		
																				1355.33604783236	3.3		
												1356.23336587859	0										
														1356.23336587859	4								
														1356.23336587859	3								
														1356.23336587859	2								
														1356.23336587859	1								
														1356.23336587859	0								
																				1356.33604783236	3		
																				1356.33604783236	2.4		
				1364.02066744592	0.5																		
						1364.02066744592	0.4																
																				1376.23336587859	4		
																				1376.23336587859	3.5		
																				1385.33604783236	3		
																				1385.33604783236	2.6		
												1386.32271699214	0.75										
														1386.32271699214	9								
														1386.32271699214	8								
														1386.32271699214	7								
														1386.32271699214	6								
														1386.32271699214	5								
				1386.32271699214	1.25																		
						1386.32271699214	1.2																
												1387.32271699214	0.5										
														1387.32271699214	4								
														1387.32271699214	3								
														1387.32271699214	2								
														1387.32271699214	1								
														1387.32271699214	0								
				1395.55478093293	1																		
						1395.55478093293	1																
												1406.32271699214	0.25										
														1406.32271699214	4								
														1406.32271699214	3								
														1406.32271699214	2								
														1406.32271699214	1								
														1406.32271699214	0								
				1406.32271699214	0.75																		
						1406.32271699214	0.8																
																				1407.32271699214	4		
																				1407.32271699214	3.7		
												1407.32271699214	0										
														1407.32271699214	4								
														1407.32271699214	3								
														1407.32271699214	2								
														1407.32271699214	1								
														1407.32271699214	0								
																				1408.32271699214	3		
																				1408.32271699214	2.8		
				1417.68246298422	0.5																		
						1417.68246298422	0.6																
																				1427.32271699214	3		
																				1427.32271699214	2.9		
												1436.32271699214	0.75										
														1436.32271699214	9								
														1436.32271699214	8								
														1436.32271699214	7								
														1436.32271699214	6								
														1436.32271699214	5								
				1436.32271699214	1.25																		
						1436.32271699214	0.4																
												1437.32271699214	0.5										
														1437.32271699214	4								
														1437.32271699214	3								
														1437.32271699214	2								
														1437.32271699214	1								
														1437.32271699214	0								
																				1437.32271699214	2		
				1445.32208395446	1																		
						1445.32208395446	1.2																
																				1457.32271699214	3.1		
																				1458.32271699214	3		
																				1458.32271699214	2.2		
												1474.33604783236	0.25										
														1474.33604783236	4								
														1474.33604783236	3								
														1474.33604783236	2								
														1474.33604783236	1								
														1474.33604783236	0								
				1474.33604783236	0.75																		
						1474.33604783236	1																
												1475.33604783236	0										
														1475.33604783236	4								
														1475.33604783236	3								
														1475.33604783236	2								
														1475.33604783236	1								
														1475.33604783236	0								
				1484.78909184601	0.5																		
						1484.78909184601	0.8																
																				1495.33604783236	4		
																				1495.33604783236	3.3		
																				1496.33604783236	3		
																				1496.33604783236	2.4		
												1505.23336587859	0.75										
														1505.23336587859	9								
														1505.23336587859	8								
														1505.23336587859	7								
														1505.23336587859	6								
														1505.23336587859	5								
				1505.23336587859	1.25																		
						1505.23336587859	0.6																
												1506.23336587859	0.5										
														1506.23336587859	4								
														1506.23336587859	3								
														1506.23336587859	2								
														1506.23336587859	1								
														1506.23336587859	0								
				1515.54871559752	1																		
						1515.54871559752	1.4																
																				1526.23336587859	4		
																				1526.23336587859	3.5		
												1526.32271699214	0.25										
														1526.32271699214	4								
														1526.32271699214	3								
														1526.32271699214	2								
														1526.32271699214	1								
														1526.32271699214	0								
				1526.32271699214	0.75																		
						1526.32271699214	1.2																
																				1527.23336587859	3		
																				1527.23336587859	2.6		
												1527.32271699214	0										
														1527.32271699214	4								
														1527.32271699214	3								
														1527.32271699214	2								
														1527.32271699214	1								
														1527.32271699214	0								
				1537.85830256961	1.5																		
						1537.85830256961	1																
																				1547.32271699214	3		
																				1547.32271699214	2.7		
																				1556.23336587859	2		
																				1556.23336587859	1.8		
												1556.32271699214	0.75										
														1556.32271699214	9								
														1556.32271699214	8								
														1556.32271699214	7								
														1556.32271699214	6								
														1556.32271699214	5								
				1556.32271699214	1.25																		
						1556.32271699214	0.8																
												1557.32271699214	0.5										
														1557.32271699214	4								
														1557.32271699214	3								
														1557.32271699214	2								
														1557.32271699214	1								
														1557.32271699214	0								
				1567.15692299154	1																		
						1567.15692299154	0.6																
												1576.32271699214	0.25										
														1576.32271699214	4								
														1576.32271699214	3								
														1576.32271699214	2								
														1576.32271699214	1								
														1576.32271699214	0								
																				1577.32271699214	3		
																				1577.32271699214	2.9		
				1577.66667181595	0.75																		
						1577.66667181595	0.4																
																				1578.32271699214	2		
												1578.66667181595	0										
														1578.66667181595	4								
														1578.66667181595	3								
														1578.66667181595	2								
														1578.66667181595	1								
														1578.66667181595	0								
				1586.72355271096	0.5																		
						1586.72355271096	1.2																
																				1597.32271699214	3.1		
																				1607.32271699214	3		
																				1607.32271699214	2.2		
												1624.33604783236	0.75										
														1624.33604783236	9								
														1624.33604783236	8								
														1624.33604783236	7								
														1624.33604783236	6								
														1624.33604783236	5								
				1624.33604783236	1.25																		
						1624.33604783236	1																
												1625.33604783236	0.5										
														1625.33604783236	4								
														1625.33604783236	3								
														1625.33604783236	2								
														1625.33604783236	1								
														1625.33604783236	0								
				1633.65441502261	1																		
						1633.65441502261	0.8																
												1645.23336587859	0.25										
														1645.23336587859	4								
														1645.23336587859	3								
														1645.23336587859	2								
														1645.23336587859	1								
														1645.23336587859	0								
				1645.23336587859	0.75																		
						1645.23336587859	0.6																
																				1645.33604783236	4		
																				1645.33604783236	3.3		
												1646.23336587859	0										
														1646.23336587859	4								
														1646.23336587859	3								
														1646.23336587859	2								
														1646.23336587859	1								
														1646.23336587859	0								
																				1646.33604783236	3		
																				1646.33604783236	2.4		
				1655.12870041159	0.5																		
						1655.12870041159	0.4																
																				1666.23336587859	4		
																				1666.23336587859	3.5		
																				1675.33604783236	3		
																				1675.33604783236	2.6		
												1676.32271699214	0.75										
														1676.32271699214	9								
														1676.32271699214	8								
														1676.32271699214	7								
														1676.32271699214	6								
														1676.32271699214	5								
				1676.32271699214	1.25																		
						1676.32271699214	1.2																
												1677.32271699214	0.5										
														1677.32271699214	4								
														1677.32271699214	3								
														1677.32271699214	2								
														1677.32271699214	1								
														1677.32271699214	0								
				1687.23450894858	1																		
						1687.23450894858	1																
												1696.32271699214	0.25										
														1696.32271699214	4								
														1696.32271699214	3								
														1696.32271699214	2								
														1696.32271699214	1								
														1696.32271699214	0								
				1696.88280677973	0.75																		
						1696.88280677973	0.8																
																				1697.32271699214	4		
																				1697.32271699214	3.7		
												1697.88280677973	0										
														1697.88280677973	4								
														1697.88280677973	3								
														1697.88280677973	2								
														1697.88280677973	1								
														1697.88280677973	0								
																				1698.32271699214	3		
																				1698.32271699214	2.8		
				1707.7261930646	0.5																		
						1707.7261930646	0.6																
																				1717.32271699214	3		
																				1717.32271699214	2.9		
												1726.32271699214	0.75										
														1726.32271699214	9								
														1726.32271699214	8								
														1726.32271699214	7								
														1726.32271699214	6								
														1726.32271699214	5								
				1726.32271699214	1.25																		
						1726.32271699214	0.4																
												1727.32271699214	0.5										
														1727.32271699214	4								
														1727.32271699214	3								
														1727.32271699214	2								
														1727.32271699214	1								
														1727.32271699214	0								
																				1727.32271699214	2		
				1735.2357878436	1																		
						1735.2357878436	1.2																
																				1747.32271699214	3.1		
																				1748.32271699214	3		
																				1748.32271699214	2.2		
												1764.33604783236	0.25										
														1764.33604783236	4								
														1764.33604783236	3								
														1764.33604783236	2								
														1764.33604783236	1								
														1764.33604783236	0								
				1764.33604783236	0.75																		
						1764.33604783236	1																
												1765.33604783236	0										
														1765.33604783236	4								
														1765.33604783236	3								
														1765.33604783236	2								
														1765.33604783236	1								
														1765.33604783236	0								
				1773.32432005356	0.5																		
						1773.32432005356	0.8																
																				1785.33604783236	4		
																				1785.33604783236	3.3		
																				1786.33604783236	3		
																				1786.33604783236	2.4		
												1795.23336587859	0.75										
														1795.23336587859	9								
														1795.23336587859	8								
														1795.23336587859	7								
														1795.23336587859	6								
														1795.23336587859	5								
				1795.23336587859	1.25																		
						1795.23336587859	0.6																
												1796.23336587859	0.5										
														1796.23336587859	4								
														1796.23336587859	3								
														1796.23336587859	2								
														1796.23336587859	1								
														1796.23336587859	0								
				1803.31947027297	1																		
						1803.31947027297	1.4																
																				1816.23336587859	4		
																				1816.23336587859	3.5		
												1816.32271699214	0.25										
														1816.32271699214	4								
														1816.32271699214	3								
														1816.32271699214	2								
														1816.32271699214	1								
														1816.32271699214	0								
				1816.32271699214	0.75																		
						1816.32271699214	1.2																
																				1817.23336587859	3		
																				1817.23336587859	2.6		
												1817.32271699214	0										
														1817.32271699214	4								
														1817.32271699214	3								
														1817.32271699214	2								
														1817.32271699214	1								
														1817.32271699214	0								
				1826.73681541003	1.5																		
						1826.73681541003	1																
																				1837.32271699214	3		
																				1837.32271699214	2.7		
																				1846.23336587859	2		
																				1846.23336587859	1.8		
												1846.32271699214	0.75										
														1846.32271699214	9								
														1846.32271699214	8								
														1846.32271699214	7								
														1846.32271699214	6								
														1846.32271699214	5								
				1846.32271699214	1.25																		
						1846.32271699214	0.8																
												1847.32271699214	0.5										
														1847.32271699214	4								
														1847.32271699214	3								
														1847.32271699214	2								
														1847.32271699214	1								
														1847.32271699214	0								
				1856.11775036261	1																		
						1856.11775036261	0.6																
												1866.32271699214	0.25										
														1866.32271699214	4								
														1866.32271699214	3								
														1866.32271699214	2								
														1866.32271699214	1								
														1866.32271699214	0								
				1866.32271699214	0.75																		
						1866.32271699214	0.4																
																				1867.32271699214	3		
																				1867.32271699214	2.9		
												1867.32271699214	0										
														1867.32271699214	4								
														1867.32271699214	3								
														1867.32271699214	2								
														1867.32271699214	1								
														1867.32271699214	0								
																				1868.32271699214	2		
				1876.27451760534	0.5																		
						1876.27451760534	1.2																
																				1887.32271699214	3.1		
																				1897.32271699214	3		
																				1897.32271699214	2.2		
												1914.33604783236	0.75										
														1914.33604783236	9								
														1914.33604783236	8								
														1914.33604783236	7								
														1914.33604783236	6								
														1914.33604783236	5								
				1914.33604783236	1.25																		
						1914.33604783236	1																
												1915.33604783236	0.5										
														1915.33604783236	4								
														1915.33604783236	3								
														1915.33604783236	2								
														1915.33604783236	1								
														1915.33604783236	0								
				1922.60651165297	1																		
						1922.60651165297	0.8																
												1935.23336587859	0.25										
														1935.23336587859	4								
														1935.23336587859	3								
														1935.23336587859	2								
														1935.23336587859	1								
														1935.23336587859	0								
				1935.23336587859	0.75																		
						1935.23336587859	0.6																
																				1935.33604783236	4		
																				1935.33604783236	3.3		
												1936.23336587859	0										
														1936.23336587859	4								
														1936.23336587859	3								
														1936.23336587859	2								
														1936.23336587859	1								
														1936.23336587859	0								
																				1936.33604783236	3		
																				1936.33604783236	2.4		
				1945.04051553375	0.5																		
						1945.04051553375	0.4																
																				1956.23336587859	4		
																				1956.23336587859	3.5		
																				1965.33604783236	3		
																				1965.33604783236	2.6		
												1966.32271699214	0.75										
														1966.32271699214	9								
														1966.32271699214	8								
														1966.32271699214	7								
														1966.32271699214	6								
														1966.32271699214	5								
				1966.32271699214	1.25																		
						1966.32271699214	1.2																
												1967.32271699214	0.5										
														1967.32271699214	4								
														1967.32271699214	3								
														1967.32271699214	2								
														1967.32271699214	1								
														1967.32271699214	0								
				1976.29430451179	1																		
						1976.29430451179	1																
												1986.32271699214	0.25										
														1986.32271699214	4								
														1986.32271699214	3								
														1986.32271699214	2								
														1986.32271699214	1								
														1986.32271699214	0								
																				1987.32271699214	4		
																				1987.32271699214	3.7		
				1987.49962123109	0.75																		
						1987.49962123109	0.8																
																				1988.32271699214	3		
																				1988.32271699214	2.8		
												1988.49962123109	0										
														1988.49962123109	4								
														1988.49962123109	3								
														1988.49962123109	2								
														1988.49962123109	1								
														1988.49962123109	0								
				1997.33540325653	0.5																		
						1997.33540325653	0.6																
																				2007.32271699214	3		
																				2007.32271699214	2.9		
												2016.32271699214	0.75										
														2016.32271699214	9								
														2016.32271699214	8								
														2016.32271699214	7								
														2016.32271699214	6								
														2016.32271699214	5								
				2016.32271699214	1.25																		
						2016.32271699214	0.4																
												2017.32271699214	0.5										
														2017.32271699214	4								
														2017.32271699214	3								
														2017.32271699214	2								
														2017.32271699214	1								
														2017.32271699214	0								
																				2017.32271699214	2		
				2024.37240777571	1																		
						2024.37240777571	1.2																
																				2037.32271699214	3.1		
																				2038.32271699214	3		
																				2038.32271699214	2.2		
												2054.33604783236	0.25										
														2054.33604783236	4								
														2054.33604783236	3								
														2054.33604783236	2								
														2054.33604783236	1								
														2054.33604783236	0								
				2054.33604783236	0.75																		
						2054.33604783236	1																
												2055.33604783236	0										
														2055.33604783236	4								
														2055.33604783236	3								
														2055.33604783236	2								
														2055.33604783236	1								
														2055.33604783236	0								
				2063.47671437337	0.5																		
						2063.47671437337	0.8																
																				2075.33604783236	4		
																				2075.33604783236	3.3		
																				2076.33604783236	3		
																				2076.33604783236	2.4		
												2085.23336587859	0.75										
														2085.23336587859	9								
														2085.23336587859	8								
														2085.23336587859	7								
														2085.23336587859	6								
														2085.23336587859	5								
				2085.23336587859	1.25																		
						2085.23336587859	0.6																
												2086.23336587859	0.5										
														2086.23336587859	4								
														2086.23336587859	3								
														2086.23336587859	2								
														2086.23336587859	1								
														2086.23336587859	0								
				2096.96204464419	1																		
						2096.96204464419	1.4																
																				2106.23336587859	4		
																				2106.23336587859	3.5		
												2106.32271699214	0.25										
														2106.32271699214	4								
														2106.32271699214	3								
														2106.32271699214	2								
														2106.32271699214	1								
														2106.32271699214	0								
																				2107.23336587859	3		
																				2107.23336587859	2.6		
				2108.92054524353	0.75																		
						2108.92054524353	1.2																
												2109.92054524353	0										
														2109.92054524353	4								
														2109.92054524353	3								
														2109.92054524353	2								
														2109.92054524353	1								
														2109.92054524353	0								
				2118.50814598186	1.5																		
						2118.50814598186	1																
																				2127.32271699214	3		
																				2127.32271699214	2.7		
																				2136.23336587859	2		
																				2136.23336587859	1.8		
												2136.32271699214	0.75										
														2136.32271699214	9								
														2136.32271699214	8								
														2136.32271699214	7								
														2136.32271699214	6								
														2136.32271699214	5								
				2136.32271699214	1.25																		
						2136.32271699214	0.8																
												2137.32271699214	0.5										
														2137.32271699214	4								
														2137.32271699214	3								
														2137.32271699214	2								
														2137.32271699214	1								
														2137.32271699214	0								
				2145.8062178259	1																		
						2145.8062178259	0.6																
												2156.32271699214	0.25										
														2156.32271699214	4								
														2156.32271699214	3								
														2156.32271699214	2								
														2156.32271699214	1								
														2156.32271699214	0								
				2156.44408507467	0.75																		
						2156.44408507467	0.4																
																				2157.32271699214	3		
																				2157.32271699214	2.9		
												2157.44408507467	0										
														2157.44408507467	4								
														2157.44408507467	3								
														2157.44408507467	2								
														2157.44408507467	1								
														2157.44408507467	0								
																				2158.32271699214	2		
				2165.52061083361	0.5																		
						2165.52061083361	1.2																
																				2177.32271699214	3.1		
																				2187.32271699214	3		
																				2187.32271699214	2.2		
												2204.33604783236	0.75										
														2204.33604783236	9								
														2204.33604783236	8								
														2204.33604783236	7								
														2204.33604783236	6								
														2204.33604783236	5								
				2204.33604783236	1.25																		
						2204.33604783236	1																
												2205.33604783236	0.5										
														2205.33604783236	4								
														2205.33604783236	3								
														2205.33604783236	2								
														2205.33604783236	1								
														2205.33604783236	0								
				2215.03833119571	1																		
						2215.03833119571	0.8																
												2225.23336587859	0.25										
														2225.23336587859	4								
														2225.23336587859	3								
														2225.23336587859	2								
														2225.23336587859	1								
														2225.23336587859	0								
				2225.23336587859	0.75																		
						2225.23336587859	0.6																
																				2225.33604783236	4		
																				2225.33604783236	3.3		
												2226.23336587859	0										
														2226.23336587859	4								
														2226.23336587859	3								
														2226.23336587859	2								
														2226.23336587859	1								
														2226.23336587859	0								
																				2226.33604783236	3		
																				2226.33604783236	2.4		
				2235.40102408626	0.5																		
						2235.40102408626	0.4																
																				2246.23336587859	4		
																				2246.23336587859	3.5		
																				2255.33604783236	3		
																				2255.33604783236	2.6		
												2256.32271699214	0.75										
														2256.32271699214	9								
														2256.32271699214	8								
														2256.32271699214	7								
														2256.32271699214	6								
														2256.32271699214	5								
				2256.32271699214	1.25																		
						2256.32271699214	1.2																
												2257.32271699214	0.5										
														2257.32271699214	4								
														2257.32271699214	3								
														2257.32271699214	2								
														2257.32271699214	1								
														2257.32271699214	0								
				2268.2394267716	1																		
						2268.2394267716	1																
												2276.32271699214	0.25										
														2276.32271699214	4								
														2276.32271699214	3								
														2276.32271699214	2								
														2276.32271699214	1								
														2276.32271699214	0								
																				2277.32271699214	4		
																				2277.32271699214	3.7		
				2278.23031043538	0.75																		
						2278.23031043538	0.8																
																				2278.32271699214	3		
																				2278.32271699214	2.8		
												2279.23031043538	0										
														2279.23031043538	4								
														2279.23031043538	3								
														2279.23031043538	2								
														2279.23031043538	1								
														2279.23031043538	0								
				2286.40739848296	0.5																		
						2286.40739848296	0.6																
																				2297.32271699214	3		
																				2297.32271699214	2.9		
												2306.32271699214	0.75										
														2306.32271699214	9								
														2306.32271699214	8								
														2306.32271699214	7								
														2306.32271699214	6								
														2306.32271699214	5								
				2306.32271699214	1.25																		
						2306.32271699214	0.4																
												2307.32271699214	0.5										
														2307.32271699214	4								
														2307.32271699214	3								
														2307.32271699214	2								
														2307.32271699214	1								
														2307.32271699214	0								
																				2307.32271699214	2		
				2315.86922705099	1																		
						2315.86922705099	1.2																
																				2327.32271699214	3.1		
																				2328.32271699214	3		
																				2328.32271699214	2.2		
												2344.33604783236	0.25										
														2344.33604783236	4								
														2344.33604783236	3								
														2344.33604783236	2								
														2344.33604783236	1								
														2344.33604783236	0								
				2344.33604783236	0.75																		
						2344.33604783236	1																
												2345.33604783236	0										
														2345.33604783236	4								
														2345.33604783236	3								
														2345.33604783236	2								
														2345.33604783236	1								
														2345.33604783236	0								
				2352.8263252163	0.5																		
						2352.8263252163	0.8																
																				2365.33604783236	4		
																				2365.33604783236	3.3		
																				2366.33604783236	3		
																				2366.33604783236	2.4		
												2375.23336587859	0.75										
														2375.23336587859	9								
														2375.23336587859	8								
														2375.23336587859	7								
														2375.23336587859	6								
														2375.23336587859	5								
				2375.23336587859	1.25																		
						2375.23336587859	0.6																
												2376.23336587859	0.5										
														2376.23336587859	4								
														2376.23336587859	3								
														2376.23336587859	2								
														2376.23336587859	1								
														2376.23336587859	0								
				2384.80456347096	1																		
						2384.80456347096	1.4																
																				2396.23336587859	4		
																				2396.23336587859	3.5		
												2396.32271699214	0.25										
														2396.32271699214	4								
														2396.32271699214	3								
														2396.32271699214	2								
														2396.32271699214	1								
														2396.32271699214	0								
				2396.32271699214	0.75																		
						2396.32271699214	1.2																
																				2397.23336587859	3		
																				2397.23336587859	2.6		
												2397.32271699214	0										
														2397.32271699214	4								
														2397.32271699214	3								
														2397.32271699214	2								
														2397.32271699214	1								
														2397.32271699214	0								
				2406.2447257356	0.5																		
						2406.2447257356	1																
																				2417.32271699214	3		
																				2417.32271699214	2.7		
																				2426.23336587859	2		
																				2426.23336587859	1.8		
												2426.32271699214	0.75										
														2426.32271699214	9								
														2426.32271699214	8								
														2426.32271699214	7								
														2426.32271699214	6								
														2426.32271699214	5								
				2426.32271699214	1.25																		
						2426.32271699214	0.8																
												2427.32271699214	0.5										
														2427.32271699214	4								
														2427.32271699214	3								
														2427.32271699214	2								
														2427.32271699214	1								
														2427.32271699214	0								
				2434.92324307189	1																		
						2434.92324307189	0.6																
												2446.32271699214	0.25										
														2446.32271699214	4								
														2446.32271699214	3								
														2446.32271699214	2								
														2446.32271699214	1								
														2446.32271699214	0								
				2446.3575275341	0.75																		
						2446.3575275341	0.4																
																				2447.32271699214	3		
																				2447.32271699214	2.9		
												2447.3575275341	0										
														2447.3575275341	4								
														2447.3575275341	3								
														2447.3575275341	2								
														2447.3575275341	1								
														2447.3575275341	0								
																				2448.32271699214	2		
				2455.86948855334	0.5																		
						2455.86948855334	1.2																
																				2467.32271699214	3.1		
																				2477.32271699214	3		
																				2477.32271699214	2.2		
												2494.33604783236	0.75										
														2494.33604783236	9								
														2494.33604783236	8								
														2494.33604783236	7								
														2494.33604783236	6								
														2494.33604783236	5								
				2494.33604783236	1.25																		
						2494.33604783236	1																
												2495.33604783236	0.5										
														2495.33604783236	4								
														2495.33604783236	3								
														2495.33604783236	2								
														2495.33604783236	1								
														2495.33604783236	0								
				2504.89400406227	1																		
						2504.89400406227	0.8																
												2515.23336587859	0.25										
														2515.23336587859	4								
														2515.23336587859	3								
														2515.23336587859	2								
														2515.23336587859	1								
														2515.23336587859	0								
				2515.23336587859	0.75																		
						2515.23336587859	0.6																
																				2515.33604783236	4		
																				2515.33604783236	3.3		
												2516.23336587859	0										
														2516.23336587859	4								
														2516.23336587859	3								
														2516.23336587859	2								
														2516.23336587859	1								
														2516.23336587859	0								
																				2516.33604783236	3		
																				2516.33604783236	2.4		
				2525.2534778511	0.5																		
						2525.2534778511	0.4																
																				2536.23336587859	4		
																				2536.23336587859	3.5		
																				2545.33604783236	3		
																				2545.33604783236	2.6		
												2546.32271699214	0.75										
														2546.32271699214	9								
														2546.32271699214	8								
														2546.32271699214	7								
														2546.32271699214	6								
														2546.32271699214	5								
				2546.32271699214	1.25																		
						2546.32271699214	1.2																
												2547.32271699214	0.5										
														2547.32271699214	4								
														2547.32271699214	3								
														2547.32271699214	2								
														2547.32271699214	1								
														2547.32271699214	0								
				2558.02295426763	1																		
						2558.02295426763	1																
												2566.32271699214	0.25										
														2566.32271699214	4								
														2566.32271699214	3								
														2566.32271699214	2								
														2566.32271699214	1								
														2566.32271699214	0								
				2566.32271699214	0.75																		
						2566.32271699214	0.8																
																				2567.32271699214	4		
																				2567.32271699214	3.7		
												2567.32271699214	0										
														2567.32271699214	4								
														2567.32271699214	3								
														2567.32271699214	2								
														2567.32271699214	1								
														2567.32271699214	0								
																				2568.32271699214	3		
																				2568.32271699214	2.8		
				2578.24192499796	0.5																		
						2578.24192499796	0.6																
																				2587.32271699214	3		
																				2587.32271699214	2.9		
												2596.32271699214	0.75										
														2596.32271699214	9								
														2596.32271699214	8								
														2596.32271699214	7								
														2596.32271699214	6								
														2596.32271699214	5								
				2596.32271699214	1.25																		
						2596.32271699214	0.4																
												2597.32271699214	0.5										
														2597.32271699214	4								
														2597.32271699214	3								
														2597.32271699214	2								
														2597.32271699214	1								
														2597.32271699214	0								
																				2597.32271699214	2		
				2606.01977729148	1																		
						2606.01977729148	1.2																
																				2617.32271699214	3.1		
																				2618.32271699214	3		
																				2618.32271699214	2.2		
												2634.33604783236	0.25										
														2634.33604783236	4								
														2634.33604783236	3								
														2634.33604783236	2								
														2634.33604783236	1								
														2634.33604783236	0								
				2634.33604783236	0.75																		
						2634.33604783236	1																
												2635.33604783236	0										
														2635.33604783236	4								
														2635.33604783236	3								
														2635.33604783236	2								
														2635.33604783236	1								
														2635.33604783236	0								
				2644.25339668074	0.5																		
						2644.25339668074	0.8																
																				2655.33604783236	4		
																				2655.33604783236	3.3		
																				2656.33604783236	3		
																				2656.33604783236	2.4		
												2665.23336587859	0.75										
														2665.23336587859	9								
														2665.23336587859	8								
														2665.23336587859	7								
														2665.23336587859	6								
														2665.23336587859	5								
				2665.23336587859	1.25																		
						2665.23336587859	0.6																
												2666.23336587859	0.5										
														2666.23336587859	4								
														2666.23336587859	3								
														2666.23336587859	2								
														2666.23336587859	1								
														2666.23336587859	0								
				2673.93593643389	1																		
						2673.93593643389	1.4																
																				2686.23336587859	4		
																				2686.23336587859	3.5		
												2686.32271699214	0.25										
														2686.32271699214	4								
														2686.32271699214	3								
														2686.32271699214	2								
														2686.32271699214	1								
														2686.32271699214	0								
				2686.32271699214	0.75																		
						2686.32271699214	1.2																
																				2687.23336587859	3		
																				2687.23336587859	2.6		
												2687.32271699214	0										
														2687.32271699214	4								
														2687.32271699214	3								
														2687.32271699214	2								
														2687.32271699214	1								
														2687.32271699214	0								
				2694.70338359715	0.5																		
						2694.70338359715	1																
																				2707.32271699214	3		
																				2707.32271699214	2.7		
																				2716.23336587859	2		
																				2716.23336587859	1.8		
												2716.32271699214	0.75										
														2716.32271699214	9								
														2716.32271699214	8								
														2716.32271699214	7								
														2716.32271699214	6								
														2716.32271699214	5								
				2716.32271699214	1.25																		
						2716.32271699214	0.8																
												2717.32271699214	0.5										
														2717.32271699214	4								
														2717.32271699214	3								
														2717.32271699214	2								
														2717.32271699214	1								
														2717.32271699214	0								
				2725.08998028438	1																		
						2725.08998028438	0.6																
												2736.32271699214	0.25										
														2736.32271699214	4								
														2736.32271699214	3								
														2736.32271699214	2								
														2736.32271699214	1								
														2736.32271699214	0								
				2736.32271699214	0.75																		
						2736.32271699214	0.4																
																				2737.32271699214	3		
																				2737.32271699214	2.9		
												2737.32271699214	0										
														2737.32271699214	4								
														2737.32271699214	3								
														2737.32271699214	2								
														2737.32271699214	1								
														2737.32271699214	0								
																				2738.32271699214	2		
				2748.06529771667	0.5																		
						2748.06529771667	1.2																
																				2757.32271699214	3.1		
																				2767.32271699214	3		
																				2767.32271699214	2.2		
												2784.33604783236	0.75										
														2784.33604783236	9								
														2784.33604783236	8								
														2784.33604783236	7								
														2784.33604783236	6								
														2784.33604783236	5								
				2784.33604783236	1.25																		
						2784.33604783236	1																
												2785.33604783236	0.5										
														2785.33604783236	4								
														2785.33604783236	3								
														2785.33604783236	2								
														2785.33604783236	1								
														2785.33604783236	0								
				2793.32733976843	1																		
						2793.32733976843	0.8																
												2805.23336587859	0.25										
														2805.23336587859	4								
														2805.23336587859	3								
														2805.23336587859	2								
														2805.23336587859	1								
														2805.23336587859	0								
				2805.23336587859	0.75																		
						2805.23336587859	0.6																
																				2805.33604783236	4		
																				2805.33604783236	3.3		
												2806.23336587859	0										
														2806.23336587859	4								
														2806.23336587859	3								
														2806.23336587859	2								
														2806.23336587859	1								
														2806.23336587859	0								
																				2806.33604783236	3		
																				2806.33604783236	2.4		
				2815.15641084791	0.5																		
						2815.15641084791	0.4																
																				2826.23336587859	4		
																				2826.23336587859	3.5		
																				2835.33604783236	3		
																				2835.33604783236	2.6		
												2836.32271699214	0.75										
														2836.32271699214	9								
														2836.32271699214	8								
														2836.32271699214	7								
														2836.32271699214	6								
														2836.32271699214	5								
				2836.32271699214	1.25																		
						2836.32271699214	1.2																
												2837.32271699214	0.5										
														2837.32271699214	4								
														2837.32271699214	3								
														2837.32271699214	2								
														2837.32271699214	1								
														2837.32271699214	0								
				2845.80642072571	1																		
						2845.80642072571	1																
												2856.32271699214	0.25										
														2856.32271699214	4								
														2856.32271699214	3								
														2856.32271699214	2								
														2856.32271699214	1								
														2856.32271699214	0								
				2856.98162917518	0.75																		
						2856.98162917518	0.8																
																				2857.32271699214	4		
																				2857.32271699214	3.7		
												2857.98162917518	0										
														2857.98162917518	4								
														2857.98162917518	3								
														2857.98162917518	2								
														2857.98162917518	1								
														2857.98162917518	0								
																				2858.32271699214	3		
																				2858.32271699214	2.8		
				2868.10905577864	0.5																		
						2868.10905577864	0.6																
																				2877.32271699214	3		
																				2877.32271699214	2.9		
												2886.32271699214	0.75										
														2886.32271699214	9								
														2886.32271699214	8								
														2886.32271699214	7								
														2886.32271699214	6								
														2886.32271699214	5								
				2886.32271699214	1.25																		
						2886.32271699214	0.4																
												2887.32271699214	0.5										
														2887.32271699214	4								
														2887.32271699214	3								
														2887.32271699214	2								
														2887.32271699214	1								
														2887.32271699214	0								
																				2887.32271699214	2		
				2894.68208473871	1																		
						2894.68208473871	1.2																
																				2907.32271699214	3.1		
																				2908.32271699214	3		
																				2908.32271699214	2.2		
												2924.33604783236	0.25										
														2924.33604783236	4								
														2924.33604783236	3								
														2924.33604783236	2								
														2924.33604783236	1								
														2924.33604783236	0								
				2924.33604783236	0.75																		
						2924.33604783236	1																
												2925.33604783236	0										
														2925.33604783236	4								
														2925.33604783236	3								
														2925.33604783236	2								
														